# (H,T)
7.289184927940359771e-01 1.800000429153440162e+00
1.222800374031066895e+00 2.199997901916500354e+00
1.148503303527832031e+00 1.599998474121090197e+00
5.515223294496539586e-01 1.399998664855949926e+00
2.024328000843530206e-01 7.999992370605202296e-01
3.058364093303683195e-01 1.199998855590798996e+00
6.280497014522550270e-01 2.199997901916498577e+00
9.198766946792600319e-01 2.200000762939401611e+00
7.260785698890679374e-01 2.400009155273398420e+00
7.678354680538179711e-01 2.400009155273401973e+00
9.781607985496520996e-01 1.800006866454999965e+00
9.921576380729679734e-01 2.000007629394499276e+00
7.709052264690400280e-01 2.400009155273398420e+00
5.100878030061730684e-01 1.600006103515600131e+00
3.349989205598830067e-01 1.600006103515703160e+00
3.406765758991240345e-01 1.200004577636704539e+00
3.469961285591119937e-01 1.600006103515603684e+00
5.525605976581570156e-01 2.400009155273401973e+00
8.696933686733250291e-01 2.000007629394495723e+00
3.637858629226680129e-01 1.000003814697301152e+00
4.692010208964350060e-01 2.200008392333899110e+00
1.413354933261872004e+00 2.200008392333998586e+00
4.221496470272539936e-01 1.400005340576200297e+00
2.566857133060695961e-01 1.400005340576100821e+00
6.209772229194640003e-01 2.000007629394495723e+00
1.104996614158154089e-01 1.000003814697201676e+00
1.850219145417210109e-01 1.400005340576200297e+00
2.387559860944746259e-01 1.200004577636697434e+00
8.903340101242059879e-01 2.200008392333998586e+00
1.017758846282958984e+00 2.600009918212904836e+00
8.664963245391850144e-01 2.200008392333899110e+00
8.924306631088259056e-01 1.999969482421903422e+00
7.961921393871309593e-01 1.999969482421789735e+00
8.914966583251949794e-01 2.199966430664105133e+00
6.227519810199739769e-01 2.599960327148394867e+00
7.914496362209320068e-01 1.999969482421903422e+00
5.223204195499420166e-01 1.999969482421789735e+00
4.987350553274150222e-01 1.799972534179701711e+00
5.296319276094439976e-01 2.799957275390596578e+00
6.988457441329949393e-01 2.399963378906306843e+00
4.546834975481029995e-01 1.799972534179701711e+00
2.949807569384572115e-01 1.599975585937500000e+00
8.530060052871700771e-01 2.599960327148394867e+00
1.061308830976487094e+00 2.199966430664105133e+00
8.309248983860020310e-01 2.399963378906193157e+00
8.780335485935210071e-01 2.199966430664105133e+00
7.157781422138220773e-01 2.199966430664090922e+00
1.160032361745835017e+00 1.599975585937997380e+00
1.248629450798035112e+00 2.399963378906008415e+00
9.886951148509979248e-01 2.399963378906008415e+00
8.225489556789400414e-01 2.599960327147996964e+00
7.839292883872990281e-01 1.999969482422002898e+00
5.339829623699190453e-01 1.999969482421988687e+00
6.187874972820279762e-01 1.799972534180000139e+00
8.154994845390319824e-01 2.399963378907003175e+00
1.806398013141003178e-01 7.999877929679968247e-01
3.332361429929734942e-01 1.799972534179005379e+00
5.348711013793939761e-01 1.799972534178991168e+00
2.554310038685796980e-01 2.199966430664005657e+00
2.924961298704149559e-01 1.399978637694999861e+00
3.222764506936073303e-01 1.399978637694999861e+00
4.863750487565990377e-01 1.799972534179005379e+00
2.663394249975677974e-01 1.399978637694999861e+00
2.401507385075088985e-01 1.399978637694999861e+00
8.287421762943260051e-01 2.399963378906022626e+00
8.863087892532349743e-01 2.399963378905994205e+00
6.379324197769169480e-01 1.999969482421988687e+00
5.042367428541180141e-01 1.599975585938011591e+00
6.148780286312099941e-01 2.199966430664005657e+00
6.203716397285459205e-01 2.599960327148977512e+00
1.001883566379547119e+00 2.399963378905994205e+00
1.201760888099669966e+00 1.999969482422017109e+00
3.967651873826980036e-01 3.199951171875000000e+00
2.448315992951389797e-01 1.199981689452982891e+00
5.434422343969339542e-01 1.999969482421988687e+00
9.386631846427919701e-01 2.199966430663977235e+00
7.043865919113159180e-01 2.399963378906988964e+00
3.954357653856279686e-01 2.199966430663977235e+00
4.269205629825589821e-01 1.999969482421988687e+00
3.066686242818835173e-01 1.999969482421988687e+00
1.020187199115754062e+00 1.999969482422017109e+00
7.974499762058260277e-01 2.199966430664005657e+00
7.520653307437900059e-01 1.999969482422017109e+00
8.543156981468200684e-01 1.999969482421022349e+00
7.402876913547509208e-01 2.799957275389999722e+00
1.334950029850006104e+00 1.999969482421988687e+00
1.195573300123215166e+00 1.999969482422017109e+00
4.751753658056260265e-01 1.999969482421022349e+00
6.332254707813259609e-01 2.399963378905994205e+00
9.167255759239200108e-01 2.199966430664005657e+00
1.405809998512268066e+00 1.999969482421988687e+00
1.057875007390975952e+00 2.199966430664005657e+00
5.314915627241130203e-01 1.999969482420993927e+00
5.096868276596060454e-01 1.399978637694999861e+00
4.906865656375880569e-01 2.399963378906022626e+00
5.097541362047189883e-01 2.399963378905994205e+00
9.520427882671360642e-01 1.999969482421988687e+00
2.337933713570236050e-01 7.999877929689773737e-01
5.524414181709289551e-01 1.399978637694999861e+00
4.700312465429309916e-01 2.599960327148011174e+00
3.032077550888059858e-01 1.999969482422017109e+00
2.840752974152560006e-01 2.599960327149005934e+00
4.742890447378159680e-01 1.799972534180000139e+00
2.126795127987863021e-01 2.599960327147982753e+00
4.726727604866030052e-01 2.199966430664005657e+00
6.076326072216029495e-01 2.199966430664005657e+00
4.834429919719699931e-01 1.999969482422017109e+00
7.971367835998539597e-01 1.999969482422017109e+00
1.148043334484101008e+00 2.199966430664005657e+00
9.449431896209710136e-01 1.799972534180000139e+00
2.455830462276938908e-01 9.999847412109943434e-01
5.940293520689010620e-01 1.999969482422017109e+00
6.431289166212089681e-01 1.799972534180000139e+00
4.627290889620775949e-01 1.799972534180000139e+00
1.075463742017745972e+00 1.999969482421988687e+00
1.154846340417861938e+00 2.399963378905994205e+00
4.865730255842209973e-01 3.200088500976022488e+00
2.627470269799240254e-01 1.600097656250000000e+00
1.967501565814019082e-01 1.400085449217954192e+00
5.640886873006819568e-01 2.600158691405965783e+00
1.326786100864409956e+00 2.000122070313011591e+00
1.090906053781508955e+00 2.600158691406022626e+00
8.677796721458439499e-01 2.000122070313011591e+00
9.247859716415399722e-01 2.000122070313011591e+00
9.088183045387270287e-01 2.400146484375000000e+00
1.114836096763610840e+00 2.200134277343977374e+00
6.360661089420320824e-01 2.400146484375000000e+00
6.682467758655550316e-01 2.200134277344034217e+00
1.088000953197479026e+00 2.000122070313011591e+00
9.257403910160060256e-01 2.400146484375000000e+00
9.196581542491909511e-01 2.200134277344034217e+00
4.972643256187440075e-01 3.000183105469034217e+00
5.759394764900209740e-01 1.800109863282045808e+00
3.490688055753710106e-01 1.400085449219034217e+00
6.544209122657780320e-01 2.000122070311988409e+00
5.930769443511960670e-01 2.600158691405965783e+00
4.966108351945879851e-01 3.000183105468977374e+00
4.839747995138170555e-01 2.800170898438011591e+00
8.486874401569370896e-01 2.400146484375000000e+00
9.275067150592810616e-01 2.400146484375000000e+00
3.114226087927819964e-01 1.600097656250000000e+00
8.190475613810123401e-02 1.000061035155965783e+00
1.763573959469794949e-01 1.200073242188011591e+00
3.817608058452610087e-01 2.000122070311988409e+00
5.154988169670100540e-01 2.600158691405965783e+00
8.399956822395320266e-01 2.200134277343977374e+00
6.461675167083740234e-01 2.200134277343977374e+00
6.844532489776620210e-01 1.600097656250000000e+00
4.663942754268650126e-01 1.400085449219034217e+00
4.157575368881230027e-01 1.600097656250000000e+00
6.757556498050689697e-01 2.000122070311988409e+00
6.042153239250179775e-01 1.800109863282045808e+00
4.766224920749669858e-01 1.800109863281022626e+00
5.905097424983980492e-01 2.000122070313011591e+00
6.424550712108609840e-01 2.400146484375000000e+00
7.680417299270629883e-01 2.400146484375000000e+00
6.008287817239770234e-01 2.200134277342954192e+00
4.888249635696420015e-01 1.800109863280965783e+00
1.085949987173080888e+00 2.000122070313011591e+00
1.270225465297698975e+00 2.200134277344034217e+00
9.914476275444029651e-01 2.600158691406022626e+00
9.490224421024330281e-01 2.400146484375000000e+00
1.170309901237488015e+00 1.800109863280965783e+00
5.101520866155629941e-01 2.200134277343977374e+00
6.319710165262220070e-01 2.000122070313011591e+00
1.130612432956696001e+00 2.400146484375000000e+00
1.075311899185179998e+00 2.200134277343977374e+00
7.981104254722590774e-01 2.400146484375000000e+00
5.517143607139589623e-01 2.000122070313011591e+00
6.343411654233930275e-01 2.000122070313011591e+00
4.608849138021470226e-01 2.400146484375000000e+00
6.435651481151579700e-01 2.000122070313011591e+00
2.078594416379930809e-01 2.000122070311988409e+00
4.456456005573280477e-01 1.600097656250000000e+00
5.235913991928099476e-01 2.000122070311988409e+00
6.247830092906949684e-01 1.400085449217954192e+00
9.345438182353971168e-01 1.800109863280965783e+00
7.110826969146730736e-01 1.600097656250000000e+00
1.620157808065414984e-01 1.600097656250000000e+00
5.896496623754500233e-01 1.800109863280965783e+00
8.337811231613159180e-01 2.400146484375000000e+00
8.846964538097379371e-01 2.000122070313011591e+00
5.400730073452000291e-01 3.400207519530965783e+00
2.232971191406247780e-01 1.200073242186988409e+00
3.906537890434259586e-01 1.400085449219034217e+00
9.921792745590209961e-01 2.000122070313011591e+00
8.746857047080989211e-01 2.400146484375000000e+00
4.572971016168599911e-01 2.400146484375000000e+00
5.223185420036309257e-01 1.800109863280965783e+00
4.952413886785499986e-01 1.200073242188011591e+00
8.369885981082909598e-01 2.000122070311988409e+00
5.488913059234619141e-01 2.000122070311988409e+00
8.888106793165209685e-02 1.600097656250000000e+00
2.229114696383477923e-01 1.600097656250000000e+00
6.952240765094760411e-01 2.600158691406022626e+00
8.960852324962620408e-01 1.600097656250000000e+00
6.945111751556400925e-01 2.000122070311988409e+00
1.008679121732712014e+00 1.400085449219034217e+00
7.845560908317560367e-01 1.600097656250000000e+00
9.385071396827699974e-01 2.000122070311988409e+00
1.454351842403411865e+00 2.000122070313011591e+00
1.134134203195571899e+00 1.600097656250000000e+00
5.325692743062970802e-01 1.800109863282045808e+00
5.120685249567039632e-01 1.200073242186988409e+00
9.218864738941190407e-01 1.200073242186988409e+00
1.103837013244628906e+00 1.400085449219034217e+00
1.077051877975463867e+00 2.000122070313011591e+00
7.798206210136409133e-01 2.000122070313011591e+00
3.808396458625790126e-01 1.000061035156022626e+00
4.139022133313123575e-02 6.000366210940342171e-01
3.893796876072890267e-01 1.000061035157045808e+00
7.982623279094689384e-01 1.600097656250000000e+00
7.304045557975770153e-01 1.600097656250000000e+00
3.976112827658649929e-01 2.800170898438011591e+00
4.102746099233619548e-01 1.000061035155965783e+00
2.490154951810839845e-01 1.800109863280965783e+00
6.145159304142000511e-01 1.600097656250000000e+00
6.090183556079870053e-01 2.000122070313011591e+00
5.298292338848119565e-01 1.600097656250000000e+00
6.760379672050480515e-01 2.400146484375000000e+00
4.277539402246479661e-01 2.400146484375000000e+00
6.842221319675449998e-01 2.200134277344034217e+00
7.171089351177220017e-01 1.600097656250000000e+00
2.051720395684247245e-01 1.600097656250000000e+00
7.252597510814670079e-01 1.800109863282045808e+00
6.321812421083450317e-01 3.000183105469034217e+00
9.476742744445799671e-01 1.800109863281022626e+00
5.102348476648329578e-01 2.600158691407045808e+00
6.131814718246459961e-01 2.800170898436988409e+00
9.740072488784790039e-01 2.200134277342954192e+00
9.083197414875039399e-01 2.200134277342954192e+00
6.037968248128889881e-01 1.800109863280965783e+00
4.293144494295120239e-01 1.800109863280965783e+00
5.616298615932460159e-01 2.800140380858977096e+00
1.233648955821990967e+00 2.000122070312954747e+00
8.333832025527949661e-01 2.400146484375000000e+00
1.268523871898651123e+00 2.200134277343977374e+00
1.288241684436798096e+00 2.000122070312954747e+00
1.029935270547867043e+00 2.000122070312954747e+00
7.129110097885129615e-01 2.400146484375000000e+00
9.406768083572389916e-01 2.200134277343977374e+00
1.006136387586592962e+00 2.000122070312954747e+00
6.427016854286189407e-01 2.200134277343977374e+00
1.274399638175963911e+00 1.800109863281022626e+00
1.043273389339447021e+00 2.400146484375000000e+00
5.966950058937070533e-01 3.000183105468067879e+00
6.504829823970790237e-01 1.800109863281022626e+00
3.459564149379730225e-01 1.400085449218977374e+00
7.154959738254540458e-01 1.800109863281022626e+00
5.991190969944000244e-01 2.400146484375000000e+00
5.211059749126439877e-01 3.000183105468977374e+00
7.000764310359950393e-01 1.800109863281022626e+00
3.476230204105369981e-01 1.200073242187954747e+00
6.513929367065429688e-01 2.200134277343977374e+00
8.571230471134179130e-01 2.400146484375000000e+00
5.175668746232989781e-01 2.400146484375000000e+00
4.463941007852549880e-01 2.400146484375000000e+00
6.067021191120141044e-01 1.600097656250000000e+00
5.306615233421320132e-01 2.200134277343977374e+00
8.295813202857970081e-01 2.000122070312954747e+00
7.220270335674290330e-01 1.400085449218977374e+00
3.306879922747609779e-01 1.800109863281022626e+00
1.684637069702147882e-01 2.200134277343977374e+00
4.856423288583749942e-01 3.000183105468977374e+00
3.867554664611819737e-01 2.000122070312954747e+00
2.303266376256946912e-01 1.200073242187954747e+00
7.040608525276179641e-01 2.400146484375000000e+00
7.850633263587949440e-01 2.400146484375000000e+00
1.033488363027573076e+00 2.400146484375000000e+00
8.058129847049710914e-01 2.600158691406022626e+00
7.250174880027769886e-01 1.600097656250000000e+00
3.580563962459569760e-01 2.000122070312954747e+00
6.143758594989769950e-01 2.400146484375000000e+00
1.279846549034119096e+00 2.600158691406932121e+00
1.518541574478148970e+00 2.200134277343977374e+00
1.044460952281951904e+00 2.400146484375000000e+00
4.544091820716860131e-01 2.200134277343977374e+00
5.553625524044030204e-01 2.400146484375000000e+00
1.077425837516785112e+00 2.200134277343977374e+00
1.123181402683258057e+00 2.200134277343977374e+00
4.940887540578839943e-01 2.400146484375000000e+00
3.477934896945950038e-01 2.400146484375000000e+00
3.459790050983433951e-01 2.200134277343977374e+00
8.979499042034140288e-01 2.200134277343977374e+00
1.034321427345275879e+00 1.600097656250000000e+00
4.317998141050339855e-01 2.200134277343977374e+00
7.068521082401270084e-01 2.000122070312954747e+00
8.023020327091210380e-01 2.000122070312045253e+00
5.621604323387150437e-01 3.200195312500000000e+00
8.772828876972199597e-01 2.400146484375000000e+00
1.869963146746161931e-01 1.600097656250000000e+00
3.321068957448000125e-01 1.600097656250000000e+00
7.707033753395080566e-01 2.600158691406022626e+00
9.462630450725559861e-01 2.200134277343977374e+00
4.932533055543900091e-01 2.800170898437954747e+00
7.512224614620199858e-01 2.200134277343977374e+00
1.266162605024873655e-01 8.000488281250000000e-01
3.901726454496379781e-01 2.400146484375000000e+00
1.596698015928272041e-01 1.000061035156932121e+00
6.109557747840880237e-01 2.000122070312045253e+00
6.928749978542330101e-01 2.200134277343067879e+00
5.471769273281099633e-01 2.000122070312045253e+00
5.659026950597760841e-01 1.600097656250000000e+00
5.074038356542589501e-01 2.000122070312045253e+00
4.244452416896820068e-01 2.800170898437954747e+00
3.162648305296897888e-01 1.200073242187954747e+00
1.077968860045076666e-01 8.000488281250000000e-01
4.199567884206769630e-01 2.600158691406022626e+00
1.024788826704025935e+00 2.000122070312045253e+00
1.091829657554626909e+00 2.600158691406932121e+00
8.448108732700350121e-01 2.000122070312045253e+00
5.225862115621570103e-01 2.600158691406022626e+00
3.672924675047394283e-01 2.000122070312954747e+00
1.146686315536499023e+00 2.200134277343977374e+00
1.280052125453948975e+00 2.400146484375000000e+00
1.068922132253647073e+00 2.800170898437954747e+00
1.083542585372923917e+00 2.200134277343977374e+00
7.178806662559509277e-01 2.000122070312045253e+00
7.702567875385279983e-01 2.200134277343067879e+00
1.047005593776702881e+00 2.000122070312045253e+00
9.934770166873939656e-01 2.400146484375000000e+00
7.124977111816409581e-01 2.800170898437045253e+00
4.392356723546989583e-01 2.200134277343977374e+00
4.473141133785250023e-01 1.800109863281932121e+00
8.953924179077150658e-01 2.000122070312045253e+00
7.880933582782749802e-01 2.000122070312045253e+00
1.214308222988621927e-01 1.400085449218977374e+00
2.384325675666330857e-02 1.400085449218977374e+00
3.448972180485729844e-01 2.200134277343977374e+00
8.190997242927550159e-01 1.800109863281932121e+00
5.945223271846770130e-01 2.600158691406022626e+00
6.602084934711460740e-01 2.200134277343977374e+00
4.136680811643599909e-01 2.000122070312954747e+00
4.984352141618729748e-01 2.000122070312954747e+00
7.431074380874640450e-01 2.800170898437045253e+00
1.072938382625579834e+00 2.400146484375000000e+00
7.667012810707090065e-01 2.400146484375000000e+00
1.958065525395791262e-01 1.000061035156022626e+00
3.597455546259877290e-01 2.200134277343067879e+00
4.402782768011099801e-01 1.600097656250000000e+00
3.459330201148984596e-01 1.200073242187045253e+00
9.575576186180119187e-01 2.200134277343067879e+00
2.079480467364190899e-01 1.400085449218067879e+00
4.728907197713849708e-01 1.800109863281022626e+00
5.314182341098789841e-01 2.600158691406022626e+00
4.585283547639850132e-01 2.800170898437045253e+00
9.292437732219699376e-01 2.200134277343977374e+00
9.763268530368800491e-01 2.200134277343977374e+00
5.436522960662839576e-01 2.200134277343977374e+00
6.635652482509610817e-01 2.200134277343977374e+00
5.748212039470670387e-01 2.600158691406932121e+00
9.404721260070799671e-01 2.400146484375000000e+00
1.523982107639311856e+00 2.000122070312954747e+00
1.390693187713623047e+00 2.200134277343977374e+00
1.205728769302367942e+00 2.000122070312045253e+00
7.706379890441890090e-01 2.800170898437045253e+00
7.161389589309690162e-01 2.400146484375000000e+00
6.465345323085789353e-01 2.200134277343067879e+00
2.408106476068500035e-01 2.000122070312045253e+00
7.118262201547620460e-01 2.200134277343977374e+00
9.873919785022740037e-01 2.400146484375000000e+00
7.967872023582460717e-01 2.600158691406022626e+00
7.350291907787329659e-01 2.200134277343977374e+00
2.931846231222149934e-01 1.200073242187954747e+00
4.213349968194960438e-01 2.400146484375000000e+00
6.533763557672500610e-01 2.600158691406022626e+00
8.929934799671170875e-01 2.600158691406022626e+00
8.785275518894191116e-01 2.200134277343977374e+00
6.009619235992429420e-01 1.800109863281022626e+00
5.814308822154999890e-01 2.200134277343067879e+00
4.746614843606949963e-01 2.400146484375000000e+00
5.340250283479690552e-01 2.400146484375000000e+00
6.306824386119840309e-01 2.200134277343977374e+00
4.002089947462079689e-01 2.200134277343977374e+00
7.860496938228610508e-01 1.800109863281022626e+00
5.139386951923370361e-01 2.800170898437045253e+00
7.808541953563690186e-01 2.200134277343977374e+00
2.182778194546703965e-01 1.400085449218977374e+00
1.515946649014950076e-01 2.000122070312954747e+00
5.509485006332399681e-01 2.200134277343977374e+00
2.926831990480420753e-01 3.000183105468977374e+00
3.217018768191342026e-01 2.800170898437954747e+00
7.825151979923249401e-01 3.200195312500000000e+00
1.127661168575286865e+00 2.600158691406022626e+00
1.350076317787169966e+00 2.000122070312045253e+00
5.429906994104379825e-01 2.200134277343977374e+00
3.548289835453040109e-01 1.600097656250000000e+00
3.141218721866609886e-01 1.400085449218067879e+00
4.742569774389270298e-01 1.600097656250000000e+00
1.189926147460937056e+00 2.000122070312045253e+00
1.175021588802338091e+00 2.200134277343067879e+00
8.469399809837339088e-01 2.600158691406022626e+00
6.500389277935030297e-01 2.200134277343977374e+00
6.217082440853120007e-01 2.200134277343977374e+00
9.263978302478790283e-01 2.200134277343977374e+00
7.313563227653500087e-01 2.200134277343977374e+00
5.998374819755560861e-01 2.000122070312954747e+00
3.744994550943380185e-01 2.200134277343977374e+00
4.677812308073049929e-01 2.600158691406022626e+00
6.769183576107019595e-01 2.200134277343977374e+00
7.907412052154539905e-01 2.200134277343977374e+00
4.726117402315140326e-01 1.400085449218977374e+00
3.374474048614499733e-01 1.800109863281932121e+00
2.868697349913417252e-02 8.000488281250000000e-01
5.552287995815280430e-01 2.200134277343977374e+00
1.183666646480559859e+00 2.200134277343977374e+00
8.942989706993109689e-01 2.400146484375000000e+00
7.542133629322060884e-01 2.800170898437954747e+00
4.722808897495269775e-01 1.600097656250000000e+00
7.702474296092990391e-01 2.000122070312954747e+00
9.592977464199069493e-01 2.400146484375000000e+00
1.298026323318481001e+00 2.000122070312954747e+00
6.789983808994299874e-01 2.200134277343977374e+00
3.655080795288080386e-01 1.200073242187954747e+00
8.083192110061639957e-01 1.800109863281022626e+00
4.592550843954089634e-01 1.800109863281932121e+00
5.432563424110410377e-01 2.000122070312045253e+00
9.708596765995030076e-01 1.600097656250000000e+00
5.036749988794320121e-01 1.600097656250000000e+00
5.163922756910319656e-01 2.000122070312954747e+00
4.131471216678619940e-01 2.000122070312045253e+00
1.484105363488197882e-01 2.200134277343067879e+00
2.775326892733580020e-01 1.800109863281022626e+00
2.200005277991298192e-01 1.200073242187954747e+00
1.739152111113073940e-01 1.400085449218977374e+00
6.353898197412489735e-01 2.400146484375000000e+00
1.221397757530211958e+00 2.000122070312954747e+00
9.620329141616820179e-01 2.400146484375000000e+00
6.868078112602229446e-01 2.000122070312954747e+00
6.430650353431699440e-01 1.400085449218977374e+00
7.966122329235079125e-01 2.000122070312045253e+00
1.081779539585113969e+00 2.000122070312045253e+00
8.392429649829870053e-01 2.600158691406932121e+00
1.362001359462738037e+00 2.000122070312045253e+00
5.707408189773559570e-01 1.600097656250000000e+00
4.055062979459760353e-01 1.600097656250000000e+00
5.879545062780380249e-01 2.800170898437954747e+00
7.166056632995609910e-01 2.400146484375000000e+00
5.495468974113459915e-01 2.400146484375000000e+00
7.223910689353939540e-01 2.200134277343977374e+00
6.117297708988189697e-01 1.600097656250000000e+00
7.394141852855680153e-01 2.200134277343067879e+00
6.969462335109710693e-01 2.200134277343067879e+00
4.701340049505230434e-01 2.400146484375000000e+00
8.703080415725710228e-01 1.800109863281022626e+00
